4294967279,319
4294967278,318
4294967279,318
9,7
4294967279,317
4294967279,316
4294967278,317
4294967279,315
4294967278,316
4294967279,314
4294967278,315
4294967279,313
4294967278,314
4294967279,312
4294967278,313
4294967279,311
9,6
9,5
4294967278,312
4294967279,310
4294967294,1426
4294967294,1425
4294967294,439
4294967278,311
4294967279,309
4294967279,308
4294967294,1166
4294967279,307
4294967278,310
4294967278,309
4294967279,306
4294967278,308
11,4
11,3
11,2
11,1
4294967278,307
4294967279,305
4294967278,306
4294967278,305
4294967278,304
10,4
10,3
10,2
10,1
4294967278,303
4294967278,302
4294967278,301
9,4
9,3
9,2
9,1
8,4
8,3
8,2
8,1
2,6
2,5
7,5
7,4
7,3
7,2
7,1
4294967294,1242
4294967294,1244
6,4
6,3
6,2
6,1
4294967294,438
5,4
5,3
5,2
5,1
4,4
4,3
4,2
4,1
4294967294,1424
4294967294,187
3,341
3,340
3,339
3,338
3,337
3,336
3,335
3,334
3,333
3,332
3,331
3,330
3,329
3,328
3,327
3,326
3,325
3,324
3,323
3,322
3,321
3,320
3,319
3,318
3,317
3,316
3,315
3,314
3,313
3,312
3,311
3,310
3,309
3,308
3,307
3,306
3,305
3,304
3,303
3,302
3,301
3,300
3,299
3,298
3,297
3,296
3,295
3,294
3,293
3,292
3,291
3,290
3,289
3,288
3,287
3,286
3,285
3,284
3,283
3,282
3,281
3,280
3,279
3,278
3,277
3,276
3,275
3,274
3,273
3,272
3,271
3,270
3,269
3,268
3,267
3,266
3,265
3,264
3,263
3,262
3,261
3,260
3,259
3,258
3,257
3,256
3,255
3,254
3,253
3,252
3,251
3,250
3,249
3,248
3,247
3,246
3,245
3,244
3,243
3,242
3,241
3,240
3,239
3,238
3,237
3,236
3,235
3,234
3,233
3,232
3,231
3,230
3,229
3,228
3,227
3,226
3,225
3,224
3,223
3,222
3,221
3,220
3,219
3,218
3,217
3,216
3,215
3,214
3,213
3,212
3,211
3,210
3,209
3,208
3,207
3,206
3,205
3,204
3,203
3,202
3,201
3,200
3,199
3,198
3,197
3,196
3,195
3,194
3,193
3,192
3,191
3,190
3,189
3,188
3,187
3,186
3,185
3,184
3,183
3,182
3,181
3,180
3,179
3,178
3,177
3,176
3,175
3,174
3,173
3,172
3,171
3,170
3,169
3,168
3,167
3,166
3,165
3,164
3,163
3,162
3,161
3,160
3,159
3,158
3,157
3,156
3,155
3,154
3,153
3,152
3,151
3,150
3,149
3,148
3,147
3,146
3,145
3,144
3,143
3,142
3,141
3,140
3,139
3,138
3,137
3,136
3,135
3,134
3,133
3,132
3,131
3,130
4294967279,304
3,129
3,128
3,127
4294967279,303
3,126
3,125
3,124
3,123
4294967279,302
3,122
3,121
3,120
4294967279,301
3,119
3,118
3,117
3,116
4294967279,300
3,115
3,114
3,113
3,112
4294967279,299
3,111
3,110
3,109
4294967279,298
3,108
3,107
3,106
3,105
4294967279,297
3,104
3,103
3,102
4294967279,296
3,101
3,100
3,99
3,98
4294967279,295
3,97
3,96
3,95
3,94
4294967279,294
3,93
3,92
3,91
4294967279,293
3,90
3,89
3,88
3,87
4294967279,292
3,86
3,85
3,84
3,83
4294967278,300
3,82
3,81
3,80
4294967278,299
3,79
3,78
3,77
3,76
4294967278,298
3,75
3,74
3,73
4294967278,297
3,72
